9506
8416
2084
284
8177
8542
1324
9512
6509
6606
6759
8761
18
6748
4711
4711
7821
4761
7203
6545
9290
105
8966
5296
7274
339
5599
8443
7417
9391
8468
7046
4687
2919
5231
1973
3890
4343
4447
7421
2060
2372
7774
7177
6683
2792
2857
8141
3721
9344
6515
9217
749
1605
8209
8843
2108
5928
9238
4140
5157
400
9189
4021
7733
470
9853
7643
5105
9545
8028
425
3790
2923
1566
9232
8401
9074
4140
4442
493
6281
3387
8885
7548
3561
9685
5533
1335
9760
9096
129
8832
5930
890
9843
4188
4001
3500
4740
2136
6040
9911
1784
7208
3676
3539
306
9310
5552
1116
5680
5571
4358
8726
6514
7695
53
3088
3755
5359
946
7832
6911
9639
5484
1326
3248
4284
1861
8249
8339
2601
1095
983
4266
8860
5938
4579
2923
4840
7255
5553
2534
7515
870
1205
8159
3543
2528
5444
3233
6190
2342
7565
2584
6308
9689
628
8922
8019
5522
2781
2371
1463
8437
5217
6271
1143
4658
6977
3329
7418
1571
4101
7633
4963
5094
5436
7893
80
2227
5555
6487
9902
9363
6364
717
5639
1558
3959
8090
5672
2465
7930
7225
2579
1327
7343
3904
2390
9867
9140
9019
6512
5307
6056
9707
9120
7848
3328
2197
5277
1346
1182
7875
7501
9644
5794
535
5774
2990
575
9585
1920
5860
8267
3828
2464
2595
6164
3117
9414
733
1550
2589
1691
6215
5374
7449
1316
7780
5155
2835
2251
3546
6273
9103
6740
6941
7113
7052
9602
5993
5087
1373
4475
4552
7066
7303
470
335
5129
7297
6336
463
7213
1736
2430
4385
1149
710
42
4987
6958
994
3414
7721
2263
9463
5839
6404
131
9779
9856
199
2111
796
5160
9936
9133
4501
8816
3876
4065
194
674
6622
9977
54
8016
2589
6738
6464
1488
6439
8604
3541
5422
9943
6092
2059
6355
5064
3166
5404
3954
2533
1706
5703
7469
2310
6198
4663
3744
1700
5426
6020
4600
2229
6455
7061
9585
5669
7695
5335
2643
6439
1487
848
2560
4145
3996
9441
809
9376
6383
5496
8979
8175
6262
400
575
9167
572
2641
6993
6962
6743
304
9987
5932
1573
8997
9399
5218
1944
8771
5333
1400
7175
6847
8570
4962
2334
383
4412
1729
294
1463
695
1670
6148
6512
5070
6137
8007
4744
4610
802
9585
1912
5048
8402
144
8491
2604
4986
7357
4806
3775
6208
9683
7186
1417
4175
4063
3524
4082
6106
4228
8301
7582
4272
4235
6519
7588
5841
5958
3806
5806
9329
1295
3058
3564
4121
6418
7243
4291
7062
8758
5438
7259
9684
3556
4611
1641
6433
7885
824
3708
6975
2398
5268
9992
135
7075
7609
8933
5387
5729
5913
8259
4747
3334
4081
2636
7307
1267
3864
8494
6134
8099
5395
7719
8359
2721
9487
7926
569
1615
1388
8130
8781
217
3554
669
6681
4559
7713
2382
1326
4087
5437
2017
1473
7676
3059
1992
5711
5958
3403
3189
727
262
5061
7773
4453
9221
9247
5221
7192
2219
3384
7258
2420
4613
4067
3253
8852
3098
7495
8656
8687
3382
2342
9885
3724
4082
8702
3950
2076
8105
213
2189
8040
3942
4046
916
4699
2407
4487
3965
5092
2547
6248
5440
3640
307
9092
1434
5471
26
3410
9555
6404
7772
1228
4126
4
4648
2081
7469
2000
8624
8538
5898
4626
5656
511
9720
1041
283
3873
3845
1730
3532
6303
5053
9054
8196
7709
2267
8349
2850
9147
5650
4457
1377
6527
2020
215
3353
3764
3510
4688
6734
8992
9650
6312
8560
3983
919
1724
462
1753
158
3244
6009
5708
8048
1005
1658
5430
7197
228
3383
6172
6424
1254
7893
5743
3349
4253
2602
3311
6111
8370
4994
4361
5272
2251
1479
5362
1773
7504
6931
1701
9854
9319
9430
9629
8308
9688
503
9073
3302
9487
7900
9172
6215
5684
8005
7875
9866
9108
8151
1569
4808
5418
2197
3684
6277
2830
547
8464
425
637
2558
6093
1115
795
5077
8929
8099
1091
5234
7231
1837
7986
3468
2153
4920
4426
9159
4103
9759
9862
3210
9461
3220
3772
7352
8078
7639
9002
462
6704
1897
1281
7582
2183
2094
4878
6170
2817
7363
546
9595
1708
3542
5684
5533
1131
9585
7433
1225
6910
9769
6751
3329
7062
5040
3077
8414
6161
4358
7474
9279
1161
1949
8222
9594
5242
9356
2343
4983
2082
1882
230
7904
915
9376
5801
6055
8600
289
6342
4746
7422
5761
8298
7203
8080
1956
1639
9085
3521
6644
8258
1788
3572
6086
127
1248
9724
2795
4845
7758
5985
6791
640
412
5936
151
9574
8494
3152
2603
4461
494
7939
8199
302
2069
8575
7114
2386
1113
5942
446
9683
7053
2884
7929
7144
9105
9902
1736
7822
8824
5785
5263
862
8153
4022
694
8395
9991
5083
5912
9730
9055
2988
5026
6719
5057
8895
5045
9466
8350
7458
8344
12
8798
5382
2484
665
8074
1971
8899
7676
3986
9083
841
64
7855
8778
2275
9732
856
900
7624
3078
4062
2421
3431
6246
9675
3839
775
5476
3319
7562
2068
7217
3217
5059
8512
2288
1148
1575
3056
2396
3560
9375
2920
9373
9670
5847
6077
1985
2243
3094
872
336
9080
9860
1836
6457
2323
6804
3521
9863
9852
2065
941
4356
6271
8080
8263
1012
2548
5266
8763
8128
7923
1473
6605
5649
2982
6312
2463
9427
2447
8104
6196
384
4672
9603
1686
9171
6333
7623
4203
299
8644
9719
5266
2282
5320
6113
9940
3441
579
7593
7423
6676
2555
8766
4211
1849
823
6164
6104
212
1422
1060
2772
2997
3460
9650
9341
5424
6405
8087
7344
7267
3980
7968
3116
9911
8460
6144
874
4821
2444
1064
6126
6690
9584
8200
4620
8567
7166
3101
46
3939
6249
1335
3329
5104
4808
1705
9121
6149
8797
5719
4015
5302
1135
9844
5899
4754
6735
6534
3497
1736
2018
3741
1872
3596
1148
7539
1837
5906
5572
1568
7549
3188
4916
1292
7043
8370
9707
2915
9326
9418
8420
6764
