20 30

18  80  12   4 46 28 41  5 97 22 17 35 20 29  5  9 47 61  1  48  71 38 32 23 18 22 81 62 70  1
82  71  44  85 56 67 46 97 88 93 44 22  9 71 19 48 23 51 45  16  32 25 16 56 45 96 65 98 27 90
96  12  29  55 31 96 28 57 87 77 87 36 70  6 50  6 15 55 18   5  17 97 66 56 74 12 48 79 84 40
32  13  87  83 90 69 81 73 38 32 22 56 76 19 33 52 39 24 42  37  12 20 36 41 96 16 99 25 82 70
93   9  98 100  1 14 87 76 14 11 66 45 48 84 98 50 22 77 79 100  63 59 32 25 32 92 83 70 73 80
 9  50  95  88 43 45 70 49 44  4  9 65 66 53 81 11 87 22 51   3  87 25 16 40 53 81 17 93 28 47
28  80   7  97 24 14 39 21  7 79 89 94  6  5 21 71 59 45 96  54   3 84 52 22 67 15 14 22 61 48
10  92  77   7 23 79  6  8 67 29 80 43 77 35 64 71 16 32 32  53  99 88 12 31 61 34 33 28 97 89
67  36  81  95 41  5 95 29 84 76 85  4 68 26 43 63  7 95 15  14  10 12 47 71 90 74 31 82 33 64
23  17  36  51 36 24 65 64 78 16 81 77  9 83 77 84 97 57 90  90  37 74 53 85 67 87 58 25 27 43
68  84  65  63  1 82 47 98 32 38 67 23 19 28 71 71 73 24 33  84   9 76  7 72 47 94 14 24 22 28
 5  32  15  32 28 21 16 74 73 46 20 89 67 36 12 57 37 15 61  69  64 21 82  8 41 71 33  1 47  6
29  30  30  43 51  4 38  9 55 20 98 13 54 94 92 21 34 78 26  99  90 43 28 51 42 57 62 24 43 39
88  93  79  44 55 74  3 50 56 54 28 70 26 41  2 14 71 48 14  81  67 80 27 52 50 26 30 55 75 56
71  47  61  19 63 75 23 74 89 62 95 32  6 26 57 74 39 85 89  56  16  8 57 58 74 80 58 99 97 55
 2  39  44  19 22 92 14 39 65  8 48 47 78 44 31 64 65 30 34  32  89 95 37 20 23 32 15 86 80 59
14  80 100  96 28 91  3 11 70 53 44 65 77 95 24  9 30 51 86  74  58 59 13 64 18 86 80  2 66 85
46  88  87  62 46 93 81 34 81 35 63 73 68 57 27 88 55 70 62  86 100 15  7  9 36 98 77 41 97 45
76 100  52  77 46 45 63 73 51 89 48 39 31 83  4 89  9 76  7  71  28 15 81 52 50 65 57 64 58 35
20  91  28  90 25  9 58 17 45 41 70 30 93 28 46 45 78 70 93  79  46 72 44 14 55 68 80 69 20 62

30 15
 5  97 49  62  30 20 89 37 53  56 61 47  88 52 40
94  48 94  42  92 35 10 23 40  28 64 70  32 41  6
94  14 15  64  23 54 28 58 47   6 91 39  92 73 98
39  85  5  40  50 77 13 95 91  75 49 90  12 41 24
90 100 95  86  22 97 44 36 61  14 79 30   3 73  7
30  61 47 100   9  2 85  8 24  84 86 34  22 19 74
99  27 84  68  77 79 67 10 89   3 60 64 100 26 94
52  79 88  31  78 93 57 44 97  31 48 68  78 13 48
84  82 66   8  12 23 94 73 29   7 63 26  66 80  2
99  46 94  47  80 35 85  4 26  14 30 32  46 85 74
68  76 35  27  76 27 19 78 14  72 63 95  35 61 40
81  30 76  60  40 22 16 18 65  46 74 35  67 53 81
33  29 90  22  86 43 89 34 44  78 88 73  19 99 51
 8  98 90  66  54 41 50 57 90  72 21 90  45 34 90
16  67 41  29  85 56 76 23 33  22 10 96  64 99  4
19  30 54  67  50  6 71 98 90 100 10 59  71 52 58
84  82 33  43   2 22 35 94 38  87 16 60  66 33 95
27  54 52   7   7 10 19  4 51  77 54 45  54 55 78
75  70 91  84  73 32 79 75  3  36 48 73  79 55 29
92  10 96   3  43 40  1 18 79  21 29 14   3  7 93
37  88 66  47  63 74 73 39 86  12 28 61   5 93  8
97  89 53  93  30 28 30 60 89  20 89 46  36 10 44
79  19 35  37  43 66  9  8 22  18  3  8  78 13  6
94  64  3  57  87 98 76 32 97  97 89 59   4 64  4
51  18 42  52  78 50 80  7 63  91 11 52  40 29 84
69  70 72  56  45 31 46 68 47  67 69 29  66 89 12
26  12 40  21  61 97 74 90 85  23 95 95  47 13 81
17  72 29  56  41 40  8 15 22  31 98 43  95 95 36
92  31  8  62  26 81 16 12 82  86 86 89  48 75 25
84  83 92  24 100 34 78 96 63  27 81 50  31 72 95
